MAXTEAMS 1
DURATION 60
NEST_POSITION 0 0 0
NEST_FOOD 0 200
FOOD -21 42 200 0.1 300 1000 1
FOOD -28 -17 200 0.1 300 1000 1
FOOD -40 30 200 0.1 300 1000 1
FOOD 31 14 200 0.1 300 1000 1
FOOD -1 2 200 0.1 300 1000 1
FOOD -6 20 200 0.1 300 1000 1
FOOD -16 -20 200 0.1 300 1000 1
FOOD -35 -13 200 0.1 300 1000 1
FOOD -23 14 200 0.1 300 1000 1
FOOD 32 30 200 0.1 300 1000 1
FOOD 3 8 200 0.1 300 1000 1
FOOD -23 13 200 0.1 300 1000 1
FOOD -36 -20 200 0.1 300 1000 1
FOOD -25 28 200 0.1 300 1000 1
FOOD -45 38 200 0.1 300 1000 1
FOOD 26 -23 200 0.1 300 1000 1
FOOD 33 2 200 0.1 300 1000 1
FOOD 2 -37 200 0.1 300 1000 1
FOOD -15 37 200 0.1 300 1000 1
FOOD -9 32 200 0.1 300 1000 1
FOOD 34 -42 200 0.1 300 1000 1
FOOD 29 21 200 0.1 300 1000 1
FOOD -32 -3 200 0.1 300 1000 1
FOOD 15 35 200 0.1 300 1000 1
FOOD -23 0 200 0.1 300 1000 1
FOOD -42 -34 200 0.1 300 1000 1
FOOD 40 42 200 0.1 300 1000 1
FOOD 32 -8 200 0.1 300 1000 1
FOOD -19 27 200 0.1 300 1000 1
FOOD -27 41 200 0.1 300 1000 1
FOOD -23 7 200 0.1 300 1000 1
FOOD -38 3 200 0.1 300 1000 1
FOOD -4 -3 200 0.1 300 1000 1
FOOD -37 17 200 0.1 300 1000 1
FOOD 39 26 200 0.1 300 1000 1
FOOD -6 33 200 0.1 300 1000 1
FOOD 40 -39 200 0.1 300 1000 1
FOOD -2 -17 200 0.1 300 1000 1
FOOD 34 -12 200 0.1 300 1000 1
FOOD -25 29 200 0.1 300 1000 1
FOOD 15 -41 200 0.1 300 1000 1
FOOD -13 12 200 0.1 300 1000 1
FOOD 28 15 200 0.1 300 1000 1
FOOD -42 7 200 0.1 300 1000 1
FOOD 40 26 200 0.1 300 1000 1
FOOD -1 -14 200 0.1 300 1000 1
FOOD 19 13 200 0.1 300 1000 1
FOOD -40 -10 200 0.1 300 1000 1
FOOD -2 -24 200 0.1 300 1000 1
FOOD 36 -27 200 0.1 300 1000 1
FOOD 11 -23 200 0.1 300 1000 1
FOOD 4 -25 200 0.1 300 1000 1
FOOD -36 -32 200 0.1 300 1000 1
FOOD 8 39 200 0.1 300 1000 1
FOOD 8 0 200 0.1 300 1000 1
FOOD -41 8 200 0.1 300 1000 1
FOOD 13 14 200 0.1 300 1000 1
FOOD 34 15 200 0.1 300 1000 1
FOOD 31 -17 200 0.1 300 1000 1
FOOD -15 14 200 0.1 300 1000 1
FOOD 2 -6 200 0.1 300 1000 1
FOOD 43 1 200 0.1 300 1000 1
FOOD 20 -36 200 0.1 300 1000 1
FOOD 11 -4 200 0.1 300 1000 1
FOOD -25 -29 200 0.1 300 1000 1
FOOD 32 42 200 0.1 300 1000 1
FOOD 8 7 200 0.1 300 1000 1
FOOD 41 -18 200 0.1 300 1000 1
FOOD 42 -3 200 0.1 300 1000 1
FOOD 6 -14 200 0.1 300 1000 1
FOOD 2 8 200 0.1 300 1000 1
FOOD 34 -3 200 0.1 300 1000 1
FOOD -12 -39 200 0.1 300 1000 1
FOOD 6 43 200 0.1 300 1000 1
FOOD -11 9 200 0.1 300 1000 1
FOOD -8 28 200 0.1 300 1000 1
FOOD 24 -7 200 0.1 300 1000 1
FOOD 29 2 200 0.1 300 1000 1
FOOD -35 30 200 0.1 300 1000 1
FOOD -17 -6 200 0.1 300 1000 1
FOOD -14 -39 200 0.1 300 1000 1
FOOD -24 28 200 0.1 300 1000 1
FOOD 9 -38 200 0.1 300 1000 1
FOOD 26 2 200 0.1 300 1000 1
FOOD 23 -5 200 0.1 300 1000 1
FOOD 33 -15 200 0.1 300 1000 1
FOOD -8 -29 200 0.1 300 1000 1
FOOD -39 9 200 0.1 300 1000 1
FOOD 5 6 200 0.1 300 1000 1
FOOD -39 -14 200 0.1 300 1000 1
FOOD 13 -39 200 0.1 300 1000 1
FOOD -45 -35 200 0.1 300 1000 1
FOOD -45 -9 200 0.1 300 1000 1
FOOD -10 9 200 0.1 300 1000 1
FOOD 3 28 200 0.1 300 1000 1
FOOD 30 -6 200 0.1 300 1000 1
FOOD 8 -19 200 0.1 300 1000 1
FOOD 44 -33 200 0.1 300 1000 1
FOOD 23 15 200 0.1 300 1000 1
FOOD -29 -21 200 0.1 300 1000 1
FOOD 27 41 200 0.1 300 1000 1
