MAXTEAMS 1
DURATION 60
NEST_POSITION 0 0 0
NEST_FOOD 0 200
FOOD -15 28 200 0.1 300 1000 1
FOOD -1 -13 200 0.1 300 1000 1
FOOD -13 18 200 0.1 300 1000 1
FOOD -32 17 200 0.1 300 1000 1
FOOD -11 28 200 0.1 300 1000 1
FOOD -26 -15 200 0.1 300 1000 1
FOOD 15 -6 200 0.1 300 1000 1
FOOD 9 -20 200 0.1 300 1000 1
FOOD -2 22 200 0.1 300 1000 1
FOOD 11 41 200 0.1 300 1000 1
FOOD -25 -30 200 0.1 300 1000 1
FOOD -14 24 200 0.1 300 1000 1
FOOD -40 40 200 0.1 300 1000 1
FOOD 36 -8 200 0.1 300 1000 1
FOOD -2 44 200 0.1 300 1000 1
FOOD 10 -33 200 0.1 300 1000 1
FOOD 28 -2 200 0.1 300 1000 1
FOOD -31 -35 200 0.1 300 1000 1
FOOD 0 -24 200 0.1 300 1000 1
FOOD -25 -32 200 0.1 300 1000 1
FOOD 6 35 200 0.1 300 1000 1
FOOD -15 8 200 0.1 300 1000 1
FOOD 23 3 200 0.1 300 1000 1
FOOD -45 35 200 0.1 300 1000 1
FOOD 21 21 200 0.1 300 1000 1
FOOD -7 -30 200 0.1 300 1000 1
FOOD -5 39 200 0.1 300 1000 1
FOOD 37 -44 200 0.1 300 1000 1
FOOD -9 -42 200 0.1 300 1000 1
FOOD 2 36 200 0.1 300 1000 1
FOOD -4 34 200 0.1 300 1000 1
FOOD 13 -29 200 0.1 300 1000 1
FOOD 16 -34 200 0.1 300 1000 1
FOOD 23 -43 200 0.1 300 1000 1
FOOD -5 14 200 0.1 300 1000 1
FOOD -35 43 200 0.1 300 1000 1
FOOD 12 -33 200 0.1 300 1000 1
FOOD 3 -15 200 0.1 300 1000 1
FOOD -2 3 200 0.1 300 1000 1
FOOD 32 7 200 0.1 300 1000 1
FOOD 36 7 200 0.1 300 1000 1
FOOD 30 -6 200 0.1 300 1000 1
FOOD 31 -45 200 0.1 300 1000 1
FOOD 42 25 200 0.1 300 1000 1
FOOD 44 2 200 0.1 300 1000 1
FOOD -18 -45 200 0.1 300 1000 1
FOOD 12 -26 200 0.1 300 1000 1
FOOD 36 11 200 0.1 300 1000 1
FOOD 41 -8 200 0.1 300 1000 1
FOOD 31 1 200 0.1 300 1000 1
FOOD 22 -36 200 0.1 300 1000 1
FOOD -6 40 200 0.1 300 1000 1
FOOD -19 9 200 0.1 300 1000 1
FOOD 35 28 200 0.1 300 1000 1
FOOD -19 39 200 0.1 300 1000 1
FOOD 41 13 200 0.1 300 1000 1
FOOD 44 12 200 0.1 300 1000 1
FOOD 8 8 200 0.1 300 1000 1
FOOD -27 40 200 0.1 300 1000 1
FOOD 43 10 200 0.1 300 1000 1
FOOD -20 -13 200 0.1 300 1000 1
FOOD 19 26 200 0.1 300 1000 1
FOOD 32 37 200 0.1 300 1000 1
FOOD -3 -28 200 0.1 300 1000 1
FOOD -42 36 200 0.1 300 1000 1
FOOD 21 -26 200 0.1 300 1000 1
FOOD -20 -22 200 0.1 300 1000 1
FOOD -42 42 200 0.1 300 1000 1
FOOD -39 14 200 0.1 300 1000 1
FOOD -37 -27 200 0.1 300 1000 1
FOOD 30 21 200 0.1 300 1000 1
FOOD -31 19 200 0.1 300 1000 1
FOOD -19 19 200 0.1 300 1000 1
FOOD -7 41 200 0.1 300 1000 1
FOOD 3 -43 200 0.1 300 1000 1
FOOD -25 -27 200 0.1 300 1000 1
FOOD -44 -39 200 0.1 300 1000 1
FOOD -36 3 200 0.1 300 1000 1
FOOD 30 -16 200 0.1 300 1000 1
FOOD 3 7 200 0.1 300 1000 1
FOOD 5 -1 200 0.1 300 1000 1
FOOD -5 -7 200 0.1 300 1000 1
FOOD 34 -17 200 0.1 300 1000 1
FOOD 19 39 200 0.1 300 1000 1
FOOD 7 -26 200 0.1 300 1000 1
FOOD -9 10 200 0.1 300 1000 1
FOOD -35 -26 200 0.1 300 1000 1
FOOD -36 22 200 0.1 300 1000 1
FOOD -7 -29 200 0.1 300 1000 1
FOOD 14 41 200 0.1 300 1000 1
FOOD -18 5 200 0.1 300 1000 1
FOOD -6 -15 200 0.1 300 1000 1
FOOD -27 -3 200 0.1 300 1000 1
FOOD -13 39 200 0.1 300 1000 1
FOOD 19 -19 200 0.1 300 1000 1
FOOD 27 -36 200 0.1 300 1000 1
FOOD 20 -8 200 0.1 300 1000 1
FOOD 24 21 200 0.1 300 1000 1
FOOD -23 12 200 0.1 300 1000 1
FOOD -28 -27 200 0.1 300 1000 1
FOOD 24 -38 200 0.1 300 1000 1
