MAXTEAMS 1
DURATION 60
NEST_POSITION 0 0 0
NEST_FOOD 0 200
FOOD 34 -3 200 0.1 300 1000 1
FOOD 31 36 200 0.1 300 1000 1
FOOD -37 7 200 0.1 300 1000 1
FOOD 35 -37 200 0.1 300 1000 1
FOOD 16 -37 200 0.1 300 1000 1
FOOD -12 -18 200 0.1 300 1000 1
FOOD -12 11 200 0.1 300 1000 1
FOOD 7 -18 200 0.1 300 1000 1
FOOD 14 -25 200 0.1 300 1000 1
FOOD -25 -12 200 0.1 300 1000 1
FOOD 38 27 200 0.1 300 1000 1
FOOD -32 24 200 0.1 300 1000 1
FOOD 29 -14 200 0.1 300 1000 1
FOOD 42 -8 200 0.1 300 1000 1
FOOD 13 1 200 0.1 300 1000 1
FOOD -40 5 200 0.1 300 1000 1
FOOD 35 22 200 0.1 300 1000 1
FOOD 3 39 200 0.1 300 1000 1
FOOD -12 -40 200 0.1 300 1000 1
FOOD 3 -20 200 0.1 300 1000 1
FOOD 31 22 200 0.1 300 1000 1
FOOD -16 -11 200 0.1 300 1000 1
FOOD -33 -13 200 0.1 300 1000 1
FOOD -45 27 200 0.1 300 1000 1
FOOD -40 -14 200 0.1 300 1000 1
FOOD 13 31 200 0.1 300 1000 1
FOOD -25 -41 200 0.1 300 1000 1
FOOD -12 -7 200 0.1 300 1000 1
FOOD 20 -30 200 0.1 300 1000 1
FOOD 26 43 200 0.1 300 1000 1
FOOD 12 -21 200 0.1 300 1000 1
FOOD 26 5 200 0.1 300 1000 1
FOOD 27 6 200 0.1 300 1000 1
FOOD 6 -40 200 0.1 300 1000 1
FOOD -10 -37 200 0.1 300 1000 1
FOOD -35 24 200 0.1 300 1000 1
FOOD -21 -2 200 0.1 300 1000 1
FOOD -25 -38 200 0.1 300 1000 1
FOOD 9 43 200 0.1 300 1000 1
FOOD -19 5 200 0.1 300 1000 1
FOOD 6 19 200 0.1 300 1000 1
FOOD -19 -29 200 0.1 300 1000 1
FOOD -31 8 200 0.1 300 1000 1
FOOD 1 -11 200 0.1 300 1000 1
FOOD 23 -9 200 0.1 300 1000 1
FOOD 11 -12 200 0.1 300 1000 1
FOOD 26 18 200 0.1 300 1000 1
FOOD 18 32 200 0.1 300 1000 1
FOOD -28 -39 200 0.1 300 1000 1
FOOD -36 -22 200 0.1 300 1000 1
FOOD -28 -42 200 0.1 300 1000 1
FOOD -37 -27 200 0.1 300 1000 1
FOOD -4 5 200 0.1 300 1000 1
FOOD -27 -2 200 0.1 300 1000 1
FOOD -10 -17 200 0.1 300 1000 1
FOOD -12 -38 200 0.1 300 1000 1
FOOD -28 -25 200 0.1 300 1000 1
FOOD 14 -14 200 0.1 300 1000 1
FOOD 19 23 200 0.1 300 1000 1
FOOD -37 -33 200 0.1 300 1000 1
FOOD -8 -43 200 0.1 300 1000 1
FOOD -15 -6 200 0.1 300 1000 1
FOOD -11 43 200 0.1 300 1000 1
FOOD -22 -4 200 0.1 300 1000 1
FOOD -25 11 200 0.1 300 1000 1
FOOD 31 -8 200 0.1 300 1000 1
FOOD 9 -7 200 0.1 300 1000 1
FOOD 32 37 200 0.1 300 1000 1
FOOD -36 -37 200 0.1 300 1000 1
FOOD 3 -42 200 0.1 300 1000 1
FOOD 15 -39 200 0.1 300 1000 1
FOOD -33 1 200 0.1 300 1000 1
FOOD 44 6 200 0.1 300 1000 1
FOOD 7 -9 200 0.1 300 1000 1
FOOD 28 -13 200 0.1 300 1000 1
FOOD -32 -38 200 0.1 300 1000 1
FOOD 14 35 200 0.1 300 1000 1
FOOD 2 -11 200 0.1 300 1000 1
FOOD 10 -27 200 0.1 300 1000 1
FOOD -41 -12 200 0.1 300 1000 1
FOOD -10 -11 200 0.1 300 1000 1
FOOD 0 -36 200 0.1 300 1000 1
FOOD 44 -10 200 0.1 300 1000 1
FOOD 29 -40 200 0.1 300 1000 1
FOOD -40 -3 200 0.1 300 1000 1
FOOD -17 -21 200 0.1 300 1000 1
FOOD 18 -9 200 0.1 300 1000 1
FOOD -42 29 200 0.1 300 1000 1
FOOD 34 10 200 0.1 300 1000 1
FOOD -37 -38 200 0.1 300 1000 1
FOOD 43 -11 200 0.1 300 1000 1
FOOD -38 -14 200 0.1 300 1000 1
FOOD 17 -3 200 0.1 300 1000 1
FOOD -8 -34 200 0.1 300 1000 1
FOOD -19 -27 200 0.1 300 1000 1
FOOD 30 36 200 0.1 300 1000 1
FOOD -6 -32 200 0.1 300 1000 1
FOOD 35 -3 200 0.1 300 1000 1
FOOD -25 3 200 0.1 300 1000 1
FOOD -42 15 200 0.1 300 1000 1
FOOD 18 -36 200 0.1 300 1000 1
