MAXTEAMS 1
DURATION 60
NEST_POSITION 0 0 0
NEST_FOOD 0 200
FOOD 32 -9 200 0.1 300 1000 1
FOOD 8 -31 200 0.1 300 1000 1
FOOD -29 35 200 0.1 300 1000 1
FOOD -41 -44 200 0.1 300 1000 1
FOOD -21 13 200 0.1 300 1000 1
FOOD 21 -13 200 0.1 300 1000 1
FOOD 25 -4 200 0.1 300 1000 1
FOOD 1 33 200 0.1 300 1000 1
FOOD 24 -22 200 0.1 300 1000 1
FOOD 31 -25 200 0.1 300 1000 1
FOOD -31 17 200 0.1 300 1000 1
FOOD 44 -16 200 0.1 300 1000 1
FOOD 24 -25 200 0.1 300 1000 1
FOOD -37 16 200 0.1 300 1000 1
FOOD 8 14 200 0.1 300 1000 1
FOOD -17 5 200 0.1 300 1000 1
FOOD -12 -37 200 0.1 300 1000 1
FOOD 9 6 200 0.1 300 1000 1
FOOD 0 -16 200 0.1 300 1000 1
FOOD 12 -29 200 0.1 300 1000 1
FOOD -20 -44 200 0.1 300 1000 1
FOOD 5 4 200 0.1 300 1000 1
FOOD -9 26 200 0.1 300 1000 1
FOOD -39 -36 200 0.1 300 1000 1
FOOD -37 -1 200 0.1 300 1000 1
FOOD 7 -24 200 0.1 300 1000 1
FOOD 14 23 200 0.1 300 1000 1
FOOD 6 -4 200 0.1 300 1000 1
FOOD -18 41 200 0.1 300 1000 1
FOOD -44 28 200 0.1 300 1000 1
FOOD -42 -32 200 0.1 300 1000 1
FOOD 30 7 200 0.1 300 1000 1
FOOD 20 17 200 0.1 300 1000 1
FOOD 41 -32 200 0.1 300 1000 1
FOOD -38 -24 200 0.1 300 1000 1
FOOD -9 -37 200 0.1 300 1000 1
FOOD 37 9 200 0.1 300 1000 1
FOOD 25 -5 200 0.1 300 1000 1
FOOD -5 16 200 0.1 300 1000 1
FOOD 25 -44 200 0.1 300 1000 1
FOOD 34 -6 200 0.1 300 1000 1
FOOD -39 -7 200 0.1 300 1000 1
FOOD 37 21 200 0.1 300 1000 1
FOOD -36 3 200 0.1 300 1000 1
FOOD -16 -39 200 0.1 300 1000 1
FOOD -5 28 200 0.1 300 1000 1
FOOD -35 -36 200 0.1 300 1000 1
FOOD -31 29 200 0.1 300 1000 1
FOOD 12 44 200 0.1 300 1000 1
FOOD -41 0 200 0.1 300 1000 1
FOOD 20 39 200 0.1 300 1000 1
FOOD -45 44 200 0.1 300 1000 1
FOOD -15 -32 200 0.1 300 1000 1
FOOD -31 -31 200 0.1 300 1000 1
FOOD 25 -7 200 0.1 300 1000 1
FOOD 5 -9 200 0.1 300 1000 1
FOOD -11 22 200 0.1 300 1000 1
FOOD -26 16 200 0.1 300 1000 1
FOOD -35 5 200 0.1 300 1000 1
FOOD 19 -26 200 0.1 300 1000 1
FOOD 40 14 200 0.1 300 1000 1
FOOD -5 25 200 0.1 300 1000 1
FOOD -17 30 200 0.1 300 1000 1
FOOD -44 -2 200 0.1 300 1000 1
FOOD 32 6 200 0.1 300 1000 1
FOOD 40 -1 200 0.1 300 1000 1
FOOD 0 39 200 0.1 300 1000 1
FOOD 26 -37 200 0.1 300 1000 1
FOOD 19 -18 200 0.1 300 1000 1
FOOD 41 43 200 0.1 300 1000 1
FOOD -23 -4 200 0.1 300 1000 1
FOOD -5 32 200 0.1 300 1000 1
FOOD -39 -39 200 0.1 300 1000 1
FOOD 4 38 200 0.1 300 1000 1
FOOD 6 43 200 0.1 300 1000 1
FOOD -39 -17 200 0.1 300 1000 1
FOOD -18 7 200 0.1 300 1000 1
FOOD -9 -3 200 0.1 300 1000 1
FOOD -6 32 200 0.1 300 1000 1
FOOD 31 -5 200 0.1 300 1000 1
FOOD -30 12 200 0.1 300 1000 1
FOOD 0 16 200 0.1 300 1000 1
FOOD 38 12 200 0.1 300 1000 1
FOOD -32 22 200 0.1 300 1000 1
FOOD -41 2 200 0.1 300 1000 1
FOOD -23 -12 200 0.1 300 1000 1
FOOD 10 41 200 0.1 300 1000 1
FOOD -2 35 200 0.1 300 1000 1
FOOD -2 22 200 0.1 300 1000 1
FOOD 28 -39 200 0.1 300 1000 1
FOOD 23 -29 200 0.1 300 1000 1
FOOD 3 13 200 0.1 300 1000 1
FOOD -20 -20 200 0.1 300 1000 1
FOOD 31 -33 200 0.1 300 1000 1
FOOD -42 -24 200 0.1 300 1000 1
FOOD -14 42 200 0.1 300 1000 1
FOOD 29 30 200 0.1 300 1000 1
FOOD 44 3 200 0.1 300 1000 1
FOOD -42 -10 200 0.1 300 1000 1
FOOD 13 -36 200 0.1 300 1000 1
FOOD 0 0 200 0.1 300 1000 1
